1
14 28
1000000010111011101010010101
1110010011000011000110001001
0001100110101000010110110011
0101101011010101110100100101
0100100101000011011111100010
0001111000100000101000110101
1011100111110101000110101010
1111011011110100100000101000
0011111101110001010010001110
1011100011110000001011100100
0111011010001101010101100110
0011010011101010111110000010
1111000010000011101000000000
1010111000010100011000010001
8 4
0110
0111
1101
0100
1101
0011
0000
0011
2
3 2
01
10
00
2 3
001
111
3 3
000
010
000
1 1
1