50
1 2
1 4
1 6
1 8
1 10
1 12
1 14
1 16
1 18
1 20
1 22
1 24
1 26
1 28
1 30
1 32
1 34
1 36
1 38
1 40
1 42
1 44
1 46
1 48
1 50
1 52
1 54
1 56
1 58
1 60
1 62
1 64
1 66
1 68
1 70
1 72
1 74
1 76
1 78
1 80
1 82
1 84
1 86
1 88
1 90
1 92
1 94
1 96
1 98
1 100
1 102
1 104
1 106
1 108
1 110
1 112
1 114
1 116
1 118
1 120
1 122
1 124
1 126
1 128
1 130
1 132
1 134
1 136
1 138
1 140
1 142
1 144
1 146
1 148
1 150
1 152
1 154
1 156
1 158
1 160
1 162
1 164
1 166
1 168
1 170
1 172
1 174
1 176
1 178
1 180
1 182
1 184
1 186
1 188
1 190
1 192
1 194
1 196
1 198
1 200
3 2
3 4
3 6
3 8
3 10
3 12
3 14
3 16
3 18
3 20
3 22
3 24
3 26
3 28
3 30
3 32
3 34
3 36
3 38
3 40
3 42
3 44
3 46
3 48
3 50
3 52
3 54
3 56
3 58
3 60
3 62
3 64
3 66
3 68
3 70
3 72
3 74
3 76
3 78
3 80
3 82
3 84
3 86
3 88
3 90
3 92
3 94
3 96
3 98
3 100
3 102
3 104
3 106
3 108
3 110
3 112
3 114
3 116
3 118
3 120
3 122
3 124
3 126
3 128
3 130
3 132
3 134
3 136
3 138
3 140
3 142
3 144
3 146
3 148
3 150
3 152
3 154
3 156
3 158
3 160
3 162
3 164
3 166
3 168
3 170
3 172
3 174
3 176
3 178
3 180
3 182
3 184
3 186
3 188
3 190
3 192
3 194
3 196
3 198
3 200
5 2
5 4
5 6
5 8
5 10
5 12
5 14
5 16
5 18
5 20
5 22
5 24
5 26
5 28
5 30
5 32
5 34
5 36
5 38
5 40
5 42
5 44
5 46
5 48
5 50
5 52
5 54
5 56
5 58
5 60
5 62
5 64
5 66
5 68
5 70
5 72
5 74
5 76
5 78
5 80
5 82
5 84
5 86
5 88
5 90
5 92
5 94
5 96
5 98
5 100
5 102
5 104
5 106
5 108
5 110
5 112
5 114
5 116
5 118
5 120
5 122
5 124
5 126
5 128
5 130
5 132
5 134
5 136
5 138
5 140
5 142
5 144
5 146
5 148
5 150
5 152
5 154
5 156
5 158
5 160
5 162
5 164
5 166
5 168
5 170
5 172
5 174
5 176
5 178
5 180
5 182
5 184
5 186
5 188
5 190
5 192
5 194
5 196
5 198
5 200
7 2
7 4
7 6
7 8
7 10
7 12
7 14
7 16
7 18
7 20
7 22
7 24
7 26
7 28
7 30
7 32
7 34
7 36
7 38
7 40
7 42
7 44
7 46
7 48
7 50
7 52
7 54
7 56
7 58
7 60
7 62
7 64
7 66
7 68
7 70
7 72
7 74
7 76
7 78
7 80
7 82
7 84
7 86
7 88
7 90
7 92
7 94
7 96
7 98
7 100
7 102
7 104
7 106
7 108
7 110
7 112
7 114
7 116
7 118
7 120
7 122
7 124
7 126
7 128
7 130
7 132
7 134
7 136
7 138
7 140
7 142
7 144
7 146
7 148
7 150
7 152
7 154
7 156
7 158
7 160
7 162
7 164
7 166
7 168
7 170
7 172
7 174
7 176
7 178
7 180
7 182
7 184
7 186
7 188
7 190
7 192
7 194
7 196
7 198
7 200
9 2
9 4
9 6
9 8
9 10
9 12
9 14
9 16
9 18
9 20
9 22
9 24
9 26
9 28
9 30
9 32
9 34
9 36
9 38
9 40
9 42
9 44
9 46
9 48
9 50
9 52
9 54
9 56
9 58
9 60
9 62
9 64
9 66
9 68
9 70
9 72
9 74
9 76
9 78
9 80
9 82
9 84
9 86
9 88
9 90
9 92
9 94
9 96
9 98
9 100
9 102
9 104
9 106
9 108
9 110
9 112
9 114
9 116
9 118
9 120
9 122
9 124
9 126
9 128
9 130
9 132
9 134
9 136
9 138
9 140
9 142
9 144
9 146
9 148
9 150
9 152
9 154
9 156
9 158
9 160
9 162
9 164
9 166
9 168
9 170
9 172
9 174
9 176
9 178
9 180
9 182
9 184
9 186
9 188
9 190
9 192
9 194
9 196
9 198
9 200
11 2
11 4
11 6
11 8
11 10
11 12
11 14
11 16
11 18
11 20
11 22
11 24
11 26
11 28
11 30
11 32
11 34
11 36
11 38
11 40
11 42
11 44
11 46
11 48
11 50
11 52
11 54
11 56
11 58
11 60
11 62
11 64
11 66
11 68
11 70
11 72
11 74
11 76
11 78
11 80
11 82
11 84
11 86
11 88
11 90
11 92
11 94
11 96
11 98
11 100
11 102
11 104
11 106
11 108
11 110
11 112
11 114
11 116
11 118
11 120
11 122
11 124
11 126
11 128
11 130
11 132
11 134
11 136
11 138
11 140
11 142
11 144
11 146
11 148
11 150
11 152
11 154
11 156
11 158
11 160
11 162
11 164
11 166
11 168
11 170
11 172
11 174
11 176
11 178
11 180
11 182
11 184
11 186
11 188
11 190
11 192
11 194
11 196
11 198
11 200
13 2
13 4
13 6
13 8
13 10
13 12
13 14
13 16
13 18
13 20
13 22
13 24
13 26
13 28
13 30
13 32
13 34
13 36
13 38
13 40
13 42
13 44
13 46
13 48
13 50
13 52
13 54
13 56
13 58
13 60
13 62
13 64
13 66
13 68
13 70
13 72
13 74
13 76
13 78
13 80
13 82
13 84
13 86
13 88
13 90
13 92
13 94
13 96
13 98
13 100
13 102
13 104
13 106
13 108
13 110
13 112
13 114
13 116
13 118
13 120
13 122
13 124
13 126
13 128
13 130
13 132
13 134
13 136
13 138
13 140
13 142
13 144
13 146
13 148
13 150
13 152
13 154
13 156
13 158
13 160
13 162
13 164
13 166
13 168
13 170
13 172
13 174
13 176
13 178
13 180
13 182
13 184
13 186
13 188
13 190
13 192
13 194
13 196
13 198
13 200
15 2
15 4
15 6
15 8
15 10
15 12
15 14
15 16
15 18
15 20
15 22
15 24
15 26
15 28
15 30
15 32
15 34
15 36
15 38
15 40
15 42
15 44
15 46
15 48
15 50
15 52
15 54
15 56
15 58
15 60
15 62
15 64
15 66
15 68
15 70
15 72
15 74
15 76
15 78
15 80
15 82
15 84
15 86
15 88
15 90
15 92
15 94
15 96
15 98
15 100
15 102
15 104
15 106
15 108
15 110
15 112
15 114
15 116
15 118
15 120
15 122
15 124
15 126
15 128
15 130
15 132
15 134
15 136
15 138
15 140
15 142
15 144
15 146
15 148
15 150
15 152
15 154
15 156
15 158
15 160
15 162
15 164
15 166
15 168
15 170
15 172
15 174
15 176
15 178
15 180
15 182
15 184
15 186
15 188
15 190
15 192
15 194
15 196
15 198
15 200
17 2
17 4
17 6
17 8
17 10
17 12
17 14
17 16
17 18
17 20
17 22
17 24
17 26
17 28
17 30
17 32
17 34
17 36
17 38
17 40
17 42
17 44
17 46
17 48
17 50
17 52
17 54
17 56
17 58
17 60
17 62
17 64
17 66
17 68
17 70
17 72
17 74
17 76
17 78
17 80
17 82
17 84
17 86
17 88
17 90
17 92
17 94
17 96
17 98
17 100
17 102
17 104
17 106
17 108
17 110
17 112
17 114
17 116
17 118
17 120
17 122
17 124
17 126
17 128
17 130
17 132
17 134
17 136
17 138
17 140
17 142
17 144
17 146
17 148
17 150
17 152
17 154
17 156
17 158
17 160
17 162
17 164
17 166
17 168
17 170
17 172
17 174
17 176
17 178
17 180
17 182
17 184
17 186
17 188
17 190
17 192
17 194
17 196
17 198
17 200
19 2
19 4
19 6
19 8
19 10
19 12
19 14
19 16
19 18
19 20
19 22
19 24
19 26
19 28
19 30
19 32
19 34
19 36
19 38
19 40
19 42
19 44
19 46
19 48
19 50
19 52
19 54
19 56
19 58
19 60
19 62
19 64
19 66
19 68
19 70
19 72
19 74
19 76
19 78
19 80
19 82
19 84
19 86
19 88
19 90
19 92
19 94
19 96
19 98
19 100
19 102
19 104
19 106
19 108
19 110
19 112
19 114
19 116
19 118
19 120
19 122
19 124
19 126
19 128
19 130
19 132
19 134
19 136
19 138
19 140
19 142
19 144
19 146
19 148
19 150
19 152
19 154
19 156
19 158
19 160
19 162
19 164
19 166
19 168
19 170
19 172
19 174
19 176
19 178
19 180
19 182
19 184
19 186
19 188
19 190
19 192
19 194
19 196
19 198
19 200
21 2
21 4
21 6
21 8
21 10
21 12
21 14
21 16
21 18
21 20
21 22
21 24
21 26
21 28
21 30
21 32
21 34
21 36
21 38
21 40
21 42
21 44
21 46
21 48
21 50
21 52
21 54
21 56
21 58
21 60
21 62
21 64
21 66
21 68
21 70
21 72
21 74
21 76
21 78
21 80
21 82
21 84
21 86
21 88
21 90
21 92
21 94
21 96
21 98
21 100
21 102
21 104
21 106
21 108
21 110
21 112
21 114
21 116
21 118
21 120
21 122
21 124
21 126
21 128
21 130
21 132
21 134
21 136
21 138
21 140
21 142
21 144
21 146
21 148
21 150
21 152
21 154
21 156
21 158
21 160
21 162
21 164
21 166
21 168
21 170
21 172
21 174
21 176
21 178
21 180
21 182
21 184
21 186
21 188
21 190
21 192
21 194
21 196
21 198
21 200
23 2
23 4
23 6
23 8
23 10
23 12
23 14
23 16
23 18
23 20
23 22
23 24
23 26
23 28
23 30
23 32
23 34
23 36
23 38
23 40
23 42
23 44
23 46
23 48
23 50
23 52
23 54
23 56
23 58
23 60
23 62
23 64
23 66
23 68
23 70
23 72
23 74
23 76
23 78
23 80
23 82
23 84
23 86
23 88
23 90
23 92
23 94
23 96
23 98
23 100
23 102
23 104
23 106
23 108
23 110
23 112
23 114
23 116
23 118
23 120
23 122
23 124
23 126
23 128
23 130
23 132
23 134
23 136
23 138
23 140
23 142
23 144
23 146
23 148
23 150
23 152
23 154
23 156
23 158
23 160
23 162
23 164
23 166
23 168
23 170
23 172
23 174
23 176
23 178
23 180
23 182
23 184
23 186
23 188
23 190
23 192
23 194
23 196
23 198
23 200
25 2
25 4
25 6
25 8
25 10
25 12
25 14
25 16
25 18
25 20
25 22
25 24
25 26
25 28
25 30
25 32
25 34
25 36
25 38
25 40
25 42
25 44
25 46
25 48
25 50
25 52
25 54
25 56
25 58
25 60
25 62
25 64
25 66
25 68
25 70
25 72
25 74
25 76
25 78
25 80
25 82
25 84
25 86
25 88
25 90
25 92
25 94
25 96
25 98
25 100
25 102
25 104
25 106
25 108
25 110
25 112
25 114
25 116
25 118
25 120
25 122
25 124
25 126
25 128
25 130
25 132
25 134
25 136
25 138
25 140
25 142
25 144
25 146
25 148
25 150
25 152
25 154
25 156
25 158
25 160
25 162
25 164
25 166
25 168
25 170
25 172
25 174
25 176
25 178
25 180
25 182
25 184
25 186
25 188
25 190
25 192
25 194
25 196
25 198
25 200
27 2
27 4
27 6
27 8
27 10
27 12
27 14
27 16
27 18
27 20
27 22
27 24
27 26
27 28
27 30
27 32
27 34
27 36
27 38
27 40
27 42
27 44
27 46
27 48
27 50
27 52
27 54
27 56
27 58
27 60
27 62
27 64
27 66
27 68
27 70
27 72
27 74
27 76
27 78
27 80
27 82
27 84
27 86
27 88
27 90
27 92
27 94
27 96
27 98
27 100
27 102
27 104
27 106
27 108
27 110
27 112
27 114
27 116
27 118
27 120
27 122
27 124
27 126
27 128
27 130
27 132
27 134
27 136
27 138
27 140
27 142
27 144
27 146
27 148
27 150
27 152
27 154
27 156
27 158
27 160
27 162
27 164
27 166
27 168
27 170
27 172
27 174
27 176
27 178
27 180
27 182
27 184
27 186
27 188
27 190
27 192
27 194
27 196
27 198
27 200
29 2
29 4
29 6
29 8
29 10
29 12
29 14
29 16
29 18
29 20
29 22
29 24
29 26
29 28
29 30
29 32
29 34
29 36
29 38
29 40
29 42
29 44
29 46
29 48
29 50
29 52
29 54
29 56
29 58
29 60
29 62
29 64
29 66
29 68
29 70
29 72
29 74
29 76
29 78
29 80
29 82
29 84
29 86
29 88
29 90
29 92
29 94
29 96
29 98
29 100
29 102
29 104
29 106
29 108
29 110
29 112
29 114
29 116
29 118
29 120
29 122
29 124
29 126
29 128
29 130
29 132
29 134
29 136
29 138
29 140
29 142
29 144
29 146
29 148
29 150
29 152
29 154
29 156
29 158
29 160
29 162
29 164
29 166
29 168
29 170
29 172
29 174
29 176
29 178
29 180
29 182
29 184
29 186
29 188
29 190
29 192
29 194
29 196
29 198
29 200
31 2
31 4
31 6
31 8
31 10
31 12
31 14
31 16
31 18
31 20
31 22
31 24
31 26
31 28
31 30
31 32
31 34
31 36
31 38
31 40
31 42
31 44
31 46
31 48
31 50
31 52
31 54
31 56
31 58
31 60
31 62
31 64
31 66
31 68
31 70
31 72
31 74
31 76
31 78
31 80
31 82
31 84
31 86
31 88
31 90
31 92
31 94
31 96
31 98
31 100
31 102
31 104
31 106
31 108
31 110
31 112
31 114
31 116
31 118
31 120
31 122
31 124
31 126
31 128
31 130
31 132
31 134
31 136
31 138
31 140
31 142
31 144
31 146
31 148
31 150
31 152
31 154
31 156
31 158
31 160
31 162
31 164
31 166
31 168
31 170
31 172
31 174
31 176
31 178
31 180
31 182
31 184
31 186
31 188
31 190
31 192
31 194
31 196
31 198
31 200
33 2
33 4
33 6
33 8
33 10
33 12
33 14
33 16
33 18
33 20
33 22
33 24
33 26
33 28
33 30
33 32
33 34
33 36
33 38
33 40
33 42
33 44
33 46
33 48
33 50
33 52
33 54
33 56
33 58
33 60
33 62
33 64
33 66
33 68
33 70
33 72
33 74
33 76
33 78
33 80
33 82
33 84
33 86
33 88
33 90
33 92
33 94
33 96
33 98
33 100
33 102
33 104
33 106
33 108
33 110
33 112
33 114
33 116
33 118
33 120
33 122
33 124
33 126
33 128
33 130
33 132
33 134
33 136
33 138
33 140
33 142
33 144
33 146
33 148
33 150
33 152
33 154
33 156
33 158
33 160
33 162
33 164
33 166
33 168
33 170
33 172
33 174
33 176
33 178
33 180
33 182
33 184
33 186
33 188
33 190
33 192
33 194
33 196
33 198
33 200
35 2
35 4
35 6
35 8
35 10
35 12
35 14
35 16
35 18
35 20
35 22
35 24
35 26
35 28
35 30
35 32
35 34
35 36
35 38
35 40
35 42
35 44
35 46
35 48
35 50
35 52
35 54
35 56
35 58
35 60
35 62
35 64
35 66
35 68
35 70
35 72
35 74
35 76
35 78
35 80
35 82
35 84
35 86
35 88
35 90
35 92
35 94
35 96
35 98
35 100
35 102
35 104
35 106
35 108
35 110
35 112
35 114
35 116
35 118
35 120
35 122
35 124
35 126
35 128
35 130
35 132
35 134
35 136
35 138
35 140
35 142
35 144
35 146
35 148
35 150
35 152
35 154
35 156
35 158
35 160
35 162
35 164
35 166
35 168
35 170
35 172
35 174
35 176
35 178
35 180
35 182
35 184
35 186
35 188
35 190
35 192
35 194
35 196
35 198
35 200
37 2
37 4
37 6
37 8
37 10
37 12
37 14
37 16
37 18
37 20
37 22
37 24
37 26
37 28
37 30
37 32
37 34
37 36
37 38
37 40
37 42
37 44
37 46
37 48
37 50
37 52
37 54
37 56
37 58
37 60
37 62
37 64
37 66
37 68
37 70
37 72
37 74
37 76
37 78
37 80
37 82
37 84
37 86
37 88
37 90
37 92
37 94
37 96
37 98
37 100
37 102
37 104
37 106
37 108
37 110
37 112
37 114
37 116
37 118
37 120
37 122
37 124
37 126
37 128
37 130
37 132
37 134
37 136
37 138
37 140
37 142
37 144
37 146
37 148
37 150
37 152
37 154
37 156
37 158
37 160
37 162
37 164
37 166
37 168
37 170
37 172
37 174
37 176
37 178
37 180
37 182
37 184
37 186
37 188
37 190
37 192
37 194
37 196
37 198
37 200
39 2
39 4
39 6
39 8
39 10
39 12
39 14
39 16
39 18
39 20
39 22
39 24
39 26
39 28
39 30
39 32
39 34
39 36
39 38
39 40
39 42
39 44
39 46
39 48
39 50
39 52
39 54
39 56
39 58
39 60
39 62
39 64
39 66
39 68
39 70
39 72
39 74
39 76
39 78
39 80
39 82
39 84
39 86
39 88
39 90
39 92
39 94
39 96
39 98
39 100
39 102
39 104
39 106
39 108
39 110
39 112
39 114
39 116
39 118
39 120
39 122
39 124
39 126
39 128
39 130
39 132
39 134
39 136
39 138
39 140
39 142
39 144
39 146
39 148
39 150
39 152
39 154
39 156
39 158
39 160
39 162
39 164
39 166
39 168
39 170
39 172
39 174
39 176
39 178
39 180
39 182
39 184
39 186
39 188
39 190
39 192
39 194
39 196
39 198
39 200
41 2
41 4
41 6
41 8
41 10
41 12
41 14
41 16
41 18
41 20
41 22
41 24
41 26
41 28
41 30
41 32
41 34
41 36
41 38
41 40
41 42
41 44
41 46
41 48
41 50
41 52
41 54
41 56
41 58
41 60
41 62
41 64
41 66
41 68
41 70
41 72
41 74
41 76
41 78
41 80
41 82
41 84
41 86
41 88
41 90
41 92
41 94
41 96
41 98
41 100
41 102
41 104
41 106
41 108
41 110
41 112
41 114
41 116
41 118
41 120
41 122
41 124
41 126
41 128
41 130
41 132
41 134
41 136
41 138
41 140
41 142
41 144
41 146
41 148
41 150
41 152
41 154
41 156
41 158
41 160
41 162
41 164
41 166
41 168
41 170
41 172
41 174
41 176
41 178
41 180
41 182
41 184
41 186
41 188
41 190
41 192
41 194
41 196
41 198
41 200
43 2
43 4
43 6
43 8
43 10
43 12
43 14
43 16
43 18
43 20
43 22
43 24
43 26
43 28
43 30
43 32
43 34
43 36
43 38
43 40
43 42
43 44
43 46
43 48
43 50
43 52
43 54
43 56
43 58
43 60
43 62
43 64
43 66
43 68
43 70
43 72
43 74
43 76
43 78
43 80
43 82
43 84
43 86
43 88
43 90
43 92
43 94
43 96
43 98
43 100
43 102
43 104
43 106
43 108
43 110
43 112
43 114
43 116
43 118
43 120
43 122
43 124
43 126
43 128
43 130
43 132
43 134
43 136
43 138
43 140
43 142
43 144
43 146
43 148
43 150
43 152
43 154
43 156
43 158
43 160
43 162
43 164
43 166
43 168
43 170
43 172
43 174
43 176
43 178
43 180
43 182
43 184
43 186
43 188
43 190
43 192
43 194
43 196
43 198
43 200
45 2
45 4
45 6
45 8
45 10
45 12
45 14
45 16
45 18
45 20
45 22
45 24
45 26
45 28
45 30
45 32
45 34
45 36
45 38
45 40
45 42
45 44
45 46
45 48
45 50
45 52
45 54
45 56
45 58
45 60
45 62
45 64
45 66
45 68
45 70
45 72
45 74
45 76
45 78
45 80
45 82
45 84
45 86
45 88
45 90
45 92
45 94
45 96
45 98
45 100
45 102
45 104
45 106
45 108
45 110
45 112
45 114
45 116
45 118
45 120
45 122
45 124
45 126
45 128
45 130
45 132
45 134
45 136
45 138
45 140
45 142
45 144
45 146
45 148
45 150
45 152
45 154
45 156
45 158
45 160
45 162
45 164
45 166
45 168
45 170
45 172
45 174
45 176
45 178
45 180
45 182
45 184
45 186
45 188
45 190
45 192
45 194
45 196
45 198
45 200
47 2
47 4
47 6
47 8
47 10
47 12
47 14
47 16
47 18
47 20
47 22
47 24
47 26
47 28
47 30
47 32
47 34
47 36
47 38
47 40
47 42
47 44
47 46
47 48
47 50
47 52
47 54
47 56
47 58
47 60
47 62
47 64
47 66
47 68
47 70
47 72
47 74
47 76
47 78
47 80
47 82
47 84
47 86
47 88
47 90
47 92
47 94
47 96
47 98
47 100
47 102
47 104
47 106
47 108
47 110
47 112
47 114
47 116
47 118
47 120
47 122
47 124
47 126
47 128
47 130
47 132
47 134
47 136
47 138
47 140
47 142
47 144
47 146
47 148
47 150
47 152
47 154
47 156
47 158
47 160
47 162
47 164
47 166
47 168
47 170
47 172
47 174
47 176
47 178
47 180
47 182
47 184
47 186
47 188
47 190
47 192
47 194
47 196
47 198
47 200
49 2
49 4
49 6
49 8
49 10
49 12
49 14
49 16
49 18
49 20
49 22
49 24
49 26
49 28
49 30
49 32
49 34
49 36
49 38
49 40
49 42
49 44
49 46
49 48
49 50
49 52
49 54
49 56
49 58
49 60
49 62
49 64
49 66
49 68
49 70
49 72
49 74
49 76
49 78
49 80
49 82
49 84
49 86
49 88
49 90
49 92
49 94
49 96
49 98
49 100
49 102
49 104
49 106
49 108
49 110
49 112
49 114
49 116
49 118
49 120
49 122
49 124
49 126
49 128
49 130
49 132
49 134
49 136
49 138
49 140
49 142
49 144
49 146
49 148
49 150
49 152
49 154
49 156
49 158
49 160
49 162
49 164
49 166
49 168
49 170
49 172
49 174
49 176
49 178
49 180
49 182
49 184
49 186
49 188
49 190
49 192
49 194
49 196
49 198
49 200
51 2
51 4
51 6
51 8
51 10
51 12
51 14
51 16
51 18
51 20
51 22
51 24
51 26
51 28
51 30
51 32
51 34
51 36
51 38
51 40
51 42
51 44
51 46
51 48
51 50
51 52
51 54
51 56
51 58
51 60
51 62
51 64
51 66
51 68
51 70
51 72
51 74
51 76
51 78
51 80
51 82
51 84
51 86
51 88
51 90
51 92
51 94
51 96
51 98
51 100
51 102
51 104
51 106
51 108
51 110
51 112
51 114
51 116
51 118
51 120
51 122
51 124
51 126
51 128
51 130
51 132
51 134
51 136
51 138
51 140
51 142
51 144
51 146
51 148
51 150
51 152
51 154
51 156
51 158
51 160
51 162
51 164
51 166
51 168
51 170
51 172
51 174
51 176
51 178
51 180
51 182
51 184
51 186
51 188
51 190
51 192
51 194
51 196
51 198
51 200
53 2
53 4
53 6
53 8
53 10
53 12
53 14
53 16
53 18
53 20
53 22
53 24
53 26
53 28
53 30
53 32
53 34
53 36
53 38
53 40
53 42
53 44
53 46
53 48
53 50
53 52
53 54
53 56
53 58
53 60
53 62
53 64
53 66
53 68
53 70
53 72
53 74
53 76
53 78
53 80
53 82
53 84
53 86
53 88
53 90
53 92
53 94
53 96
53 98
53 100
53 102
53 104
53 106
53 108
53 110
53 112
53 114
53 116
53 118
53 120
53 122
53 124
53 126
53 128
53 130
53 132
53 134
53 136
53 138
53 140
53 142
53 144
53 146
53 148
53 150
53 152
53 154
53 156
53 158
53 160
53 162
53 164
53 166
53 168
53 170
53 172
53 174
53 176
53 178
53 180
53 182
53 184
53 186
53 188
53 190
53 192
53 194
53 196
53 198
53 200
55 2
55 4
55 6
55 8
55 10
55 12
55 14
55 16
55 18
55 20
55 22
55 24
55 26
55 28
55 30
55 32
55 34
55 36
55 38
55 40
55 42
55 44
55 46
55 48
55 50
55 52
55 54
55 56
55 58
55 60
55 62
55 64
55 66
55 68
55 70
55 72
55 74
55 76
55 78
55 80
55 82
55 84
55 86
55 88
55 90
55 92
55 94
55 96
55 98
55 100
55 102
55 104
55 106
55 108
55 110
55 112
55 114
55 116
55 118
55 120
55 122
55 124
55 126
55 128
55 130
55 132
55 134
55 136
55 138
55 140
55 142
55 144
55 146
55 148
55 150
55 152
55 154
55 156
55 158
55 160
55 162
55 164
55 166
55 168
55 170
55 172
55 174
55 176
55 178
55 180
55 182
55 184
55 186
55 188
55 190
55 192
55 194
55 196
55 198
55 200
57 2
57 4
57 6
57 8
57 10
57 12
57 14
57 16
57 18
57 20
57 22
57 24
57 26
57 28
57 30
57 32
57 34
57 36
57 38
57 40
57 42
57 44
57 46
57 48
57 50
57 52
57 54
57 56
57 58
57 60
57 62
57 64
57 66
57 68
57 70
57 72
57 74
57 76
57 78
57 80
57 82
57 84
57 86
57 88
57 90
57 92
57 94
57 96
57 98
57 100
57 102
57 104
57 106
57 108
57 110
57 112
57 114
57 116
57 118
57 120
57 122
57 124
57 126
57 128
57 130
57 132
57 134
57 136
57 138
57 140
57 142
57 144
57 146
57 148
57 150
57 152
57 154
57 156
57 158
57 160
57 162
57 164
57 166
57 168
57 170
57 172
57 174
57 176
57 178
57 180
57 182
57 184
57 186
57 188
57 190
57 192
57 194
57 196
57 198
57 200
59 2
59 4
59 6
59 8
59 10
59 12
59 14
59 16
59 18
59 20
59 22
59 24
59 26
59 28
59 30
59 32
59 34
59 36
59 38
59 40
59 42
59 44
59 46
59 48
59 50
59 52
59 54
59 56
59 58
59 60
59 62
59 64
59 66
59 68
59 70
59 72
59 74
59 76
59 78
59 80
59 82
59 84
59 86
59 88
59 90
59 92
59 94
59 96
59 98
59 100
59 102
59 104
59 106
59 108
59 110
59 112
59 114
59 116
59 118
59 120
59 122
59 124
59 126
59 128
59 130
59 132
59 134
59 136
59 138
59 140
59 142
59 144
59 146
59 148
59 150
59 152
59 154
59 156
59 158
59 160
59 162
59 164
59 166
59 168
59 170
59 172
59 174
59 176
59 178
59 180
59 182
59 184
59 186
59 188
59 190
59 192
59 194
59 196
59 198
59 200
61 2
61 4
61 6
61 8
61 10
61 12
61 14
61 16
61 18
61 20
61 22
61 24
61 26
61 28
61 30
61 32
61 34
61 36
61 38
61 40
61 42
61 44
61 46
61 48
61 50
61 52
61 54
61 56
61 58
61 60
61 62
61 64
61 66
61 68
61 70
61 72
61 74
61 76
61 78
61 80
61 82
61 84
61 86
61 88
61 90
61 92
61 94
61 96
61 98
61 100
61 102
61 104
61 106
61 108
61 110
61 112
61 114
61 116
61 118
61 120
61 122
61 124
61 126
61 128
61 130
61 132
61 134
61 136
61 138
61 140
61 142
61 144
61 146
61 148
61 150
61 152
61 154
61 156
61 158
61 160
61 162
61 164
61 166
61 168
61 170
61 172
61 174
61 176
61 178
61 180
61 182
61 184
61 186
61 188
61 190
61 192
61 194
61 196
61 198
61 200
63 2
63 4
63 6
63 8
63 10
63 12
63 14
63 16
63 18
63 20
63 22
63 24
63 26
63 28
63 30
63 32
63 34
63 36
63 38
63 40
63 42
63 44
63 46
63 48
63 50
63 52
63 54
63 56
63 58
63 60
63 62
63 64
63 66
63 68
63 70
63 72
63 74
63 76
63 78
63 80
63 82
63 84
63 86
63 88
63 90
63 92
63 94
63 96
63 98
63 100
63 102
63 104
63 106
63 108
63 110
63 112
63 114
63 116
63 118
63 120
63 122
63 124
63 126
63 128
63 130
63 132
63 134
63 136
63 138
63 140
63 142
63 144
63 146
63 148
63 150
63 152
63 154
63 156
63 158
63 160
63 162
63 164
63 166
63 168
63 170
63 172
63 174
63 176
63 178
63 180
63 182
63 184
63 186
63 188
63 190
63 192
63 194
63 196
63 198
63 200
65 2
65 4
65 6
65 8
65 10
65 12
65 14
65 16
65 18
65 20
65 22
65 24
65 26
65 28
65 30
65 32
65 34
65 36
65 38
65 40
65 42
65 44
65 46
65 48
65 50
65 52
65 54
65 56
65 58
65 60
65 62
65 64
65 66
65 68
65 70
65 72
65 74
65 76
65 78
65 80
65 82
65 84
65 86
65 88
65 90
65 92
65 94
65 96
65 98
65 100
65 102
65 104
65 106
65 108
65 110
65 112
65 114
65 116
65 118
65 120
65 122
65 124
65 126
65 128
65 130
65 132
65 134
65 136
65 138
65 140
65 142
65 144
65 146
65 148
65 150
65 152
65 154
65 156
65 158
65 160
65 162
65 164
65 166
65 168
65 170
65 172
65 174
65 176
65 178
65 180
65 182
65 184
65 186
65 188
65 190
65 192
65 194
65 196
65 198
65 200
67 2
67 4
67 6
67 8
67 10
67 12
67 14
67 16
67 18
67 20
67 22
67 24
67 26
67 28
67 30
67 32
67 34
67 36
67 38
67 40
67 42
67 44
67 46
67 48
67 50
67 52
67 54
67 56
67 58
67 60
67 62
67 64
67 66
67 68
67 70
67 72
67 74
67 76
67 78
67 80
67 82
67 84
67 86
67 88
67 90
67 92
67 94
67 96
67 98
67 100
67 102
67 104
67 106
67 108
67 110
67 112
67 114
67 116
67 118
67 120
67 122
67 124
67 126
67 128
67 130
67 132
67 134
67 136
67 138
67 140
67 142
67 144
67 146
67 148
67 150
67 152
67 154
67 156
67 158
67 160
67 162
67 164
67 166
67 168
67 170
67 172
67 174
67 176
67 178
67 180
67 182
67 184
67 186
67 188
67 190
67 192
67 194
67 196
67 198
67 200
69 2
69 4
69 6
69 8
69 10
69 12
69 14
69 16
69 18
69 20
69 22
69 24
69 26
69 28
69 30
69 32
69 34
69 36
69 38
69 40
69 42
69 44
69 46
69 48
69 50
69 52
69 54
69 56
69 58
69 60
69 62
69 64
69 66
69 68
69 70
69 72
69 74
69 76
69 78
69 80
69 82
69 84
69 86
69 88
69 90
69 92
69 94
69 96
69 98
69 100
69 102
69 104
69 106
69 108
69 110
69 112
69 114
69 116
69 118
69 120
69 122
69 124
69 126
69 128
69 130
69 132
69 134
69 136
69 138
69 140
69 142
69 144
69 146
69 148
69 150
69 152
69 154
69 156
69 158
69 160
69 162
69 164
69 166
69 168
69 170
69 172
69 174
69 176
69 178
69 180
69 182
69 184
69 186
69 188
69 190
69 192
69 194
69 196
69 198
69 200
71 2
71 4
71 6
71 8
71 10
71 12
71 14
71 16
71 18
71 20
71 22
71 24
71 26
71 28
71 30
71 32
71 34
71 36
71 38
71 40
71 42
71 44
71 46
71 48
71 50
71 52
71 54
71 56
71 58
71 60
71 62
71 64
71 66
71 68
71 70
71 72
71 74
71 76
71 78
71 80
71 82
71 84
71 86
71 88
71 90
71 92
71 94
71 96
71 98
71 100
71 102
71 104
71 106
71 108
71 110
71 112
71 114
71 116
71 118
71 120
71 122
71 124
71 126
71 128
71 130
71 132
71 134
71 136
71 138
71 140
71 142
71 144
71 146
71 148
71 150
71 152
71 154
71 156
71 158
71 160
71 162
71 164
71 166
71 168
71 170
71 172
71 174
71 176
71 178
71 180
71 182
71 184
71 186
71 188
71 190
71 192
71 194
71 196
71 198
71 200
73 2
73 4
73 6
73 8
73 10
73 12
73 14
73 16
73 18
73 20
73 22
73 24
73 26
73 28
73 30
73 32
73 34
73 36
73 38
73 40
73 42
73 44
73 46
73 48
73 50
73 52
73 54
73 56
73 58
73 60
73 62
73 64
73 66
73 68
73 70
73 72
73 74
73 76
73 78
73 80
73 82
73 84
73 86
73 88
73 90
73 92
73 94
73 96
73 98
73 100
73 102
73 104
73 106
73 108
73 110
73 112
73 114
73 116
73 118
73 120
73 122
73 124
73 126
73 128
73 130
73 132
73 134
73 136
73 138
73 140
73 142
73 144
73 146
73 148
73 150
73 152
73 154
73 156
73 158
73 160
73 162
73 164
73 166
73 168
73 170
73 172
73 174
73 176
73 178
73 180
73 182
73 184
73 186
73 188
73 190
73 192
73 194
73 196
73 198
73 200
75 2
75 4
75 6
75 8
75 10
75 12
75 14
75 16
75 18
75 20
75 22
75 24
75 26
75 28
75 30
75 32
75 34
75 36
75 38
75 40
75 42
75 44
75 46
75 48
75 50
75 52
75 54
75 56
75 58
75 60
75 62
75 64
75 66
75 68
75 70
75 72
75 74
75 76
75 78
75 80
75 82
75 84
75 86
75 88
75 90
75 92
75 94
75 96
75 98
75 100
75 102
75 104
75 106
75 108
75 110
75 112
75 114
75 116
75 118
75 120
75 122
75 124
75 126
75 128
75 130
75 132
75 134
75 136
75 138
75 140
75 142
75 144
75 146
75 148
75 150
75 152
75 154
75 156
75 158
75 160
75 162
75 164
75 166
75 168
75 170
75 172
75 174
75 176
75 178
75 180
75 182
75 184
75 186
75 188
75 190
75 192
75 194
75 196
75 198
75 200
77 2
77 4
77 6
77 8
77 10
77 12
77 14
77 16
77 18
77 20
77 22
77 24
77 26
77 28
77 30
77 32
77 34
77 36
77 38
77 40
77 42
77 44
77 46
77 48
77 50
77 52
77 54
77 56
77 58
77 60
77 62
77 64
77 66
77 68
77 70
77 72
77 74
77 76
77 78
77 80
77 82
77 84
77 86
77 88
77 90
77 92
77 94
77 96
77 98
77 100
77 102
77 104
77 106
77 108
77 110
77 112
77 114
77 116
77 118
77 120
77 122
77 124
77 126
77 128
77 130
77 132
77 134
77 136
77 138
77 140
77 142
77 144
77 146
77 148
77 150
77 152
77 154
77 156
77 158
77 160
77 162
77 164
77 166
77 168
77 170
77 172
77 174
77 176
77 178
77 180
77 182
77 184
77 186
77 188
77 190
77 192
77 194
77 196
77 198
77 200
79 2
79 4
79 6
79 8
79 10
79 12
79 14
79 16
79 18
79 20
79 22
79 24
79 26
79 28
79 30
79 32
79 34
79 36
79 38
79 40
79 42
79 44
79 46
79 48
79 50
79 52
79 54
79 56
79 58
79 60
79 62
79 64
79 66
79 68
79 70
79 72
79 74
79 76
79 78
79 80
79 82
79 84
79 86
79 88
79 90
79 92
79 94
79 96
79 98
79 100
79 102
79 104
79 106
79 108
79 110
79 112
79 114
79 116
79 118
79 120
79 122
79 124
79 126
79 128
79 130
79 132
79 134
79 136
79 138
79 140
79 142
79 144
79 146
79 148
79 150
79 152
79 154
79 156
79 158
79 160
79 162
79 164
79 166
79 168
79 170
79 172
79 174
79 176
79 178
79 180
79 182
79 184
79 186
79 188
79 190
79 192
79 194
79 196
79 198
79 200
81 2
81 4
81 6
81 8
81 10
81 12
81 14
81 16
81 18
81 20
81 22
81 24
81 26
81 28
81 30
81 32
81 34
81 36
81 38
81 40
81 42
81 44
81 46
81 48
81 50
81 52
81 54
81 56
81 58
81 60
81 62
81 64
81 66
81 68
81 70
81 72
81 74
81 76
81 78
81 80
81 82
81 84
81 86
81 88
81 90
81 92
81 94
81 96
81 98
81 100
81 102
81 104
81 106
81 108
81 110
81 112
81 114
81 116
81 118
81 120
81 122
81 124
81 126
81 128
81 130
81 132
81 134
81 136
81 138
81 140
81 142
81 144
81 146
81 148
81 150
81 152
81 154
81 156
81 158
81 160
81 162
81 164
81 166
81 168
81 170
81 172
81 174
81 176
81 178
81 180
81 182
81 184
81 186
81 188
81 190
81 192
81 194
81 196
81 198
81 200
83 2
83 4
83 6
83 8
83 10
83 12
83 14
83 16
83 18
83 20
83 22
83 24
83 26
83 28
83 30
83 32
83 34
83 36
83 38
83 40
83 42
83 44
83 46
83 48
83 50
83 52
83 54
83 56
83 58
83 60
83 62
83 64
83 66
83 68
83 70
83 72
83 74
83 76
83 78
83 80
83 82
83 84
83 86
83 88
83 90
83 92
83 94
83 96
83 98
83 100
83 102
83 104
83 106
83 108
83 110
83 112
83 114
83 116
83 118
83 120
83 122
83 124
83 126
83 128
83 130
83 132
83 134
83 136
83 138
83 140
83 142
83 144
83 146
83 148
83 150
83 152
83 154
83 156
83 158
83 160
83 162
83 164
83 166
83 168
83 170
83 172
83 174
83 176
83 178
83 180
83 182
83 184
83 186
83 188
83 190
83 192
83 194
83 196
83 198
83 200
85 2
85 4
85 6
85 8
85 10
85 12
85 14
85 16
85 18
85 20
85 22
85 24
85 26
85 28
85 30
85 32
85 34
85 36
85 38
85 40
85 42
85 44
85 46
85 48
85 50
85 52
85 54
85 56
85 58
85 60
85 62
85 64
85 66
85 68
85 70
85 72
85 74
85 76
85 78
85 80
85 82
85 84
85 86
85 88
85 90
85 92
85 94
85 96
85 98
85 100
85 102
85 104
85 106
85 108
85 110
85 112
85 114
85 116
85 118
85 120
85 122
85 124
85 126
85 128
85 130
85 132
85 134
85 136
85 138
85 140
85 142
85 144
85 146
85 148
85 150
85 152
85 154
85 156
85 158
85 160
85 162
85 164
85 166
85 168
85 170
85 172
85 174
85 176
85 178
85 180
85 182
85 184
85 186
85 188
85 190
85 192
85 194
85 196
85 198
85 200
87 2
87 4
87 6
87 8
87 10
87 12
87 14
87 16
87 18
87 20
87 22
87 24
87 26
87 28
87 30
87 32
87 34
87 36
87 38
87 40
87 42
87 44
87 46
87 48
87 50
87 52
87 54
87 56
87 58
87 60
87 62
87 64
87 66
87 68
87 70
87 72
87 74
87 76
87 78
87 80
87 82
87 84
87 86
87 88
87 90
87 92
87 94
87 96
87 98
87 100
87 102
87 104
87 106
87 108
87 110
87 112
87 114
87 116
87 118
87 120
87 122
87 124
87 126
87 128
87 130
87 132
87 134
87 136
87 138
87 140
87 142
87 144
87 146
87 148
87 150
87 152
87 154
87 156
87 158
87 160
87 162
87 164
87 166
87 168
87 170
87 172
87 174
87 176
87 178
87 180
87 182
87 184
87 186
87 188
87 190
87 192
87 194
87 196
87 198
87 200
89 2
89 4
89 6
89 8
89 10
89 12
89 14
89 16
89 18
89 20
89 22
89 24
89 26
89 28
89 30
89 32
89 34
89 36
89 38
89 40
89 42
89 44
89 46
89 48
89 50
89 52
89 54
89 56
89 58
89 60
89 62
89 64
89 66
89 68
89 70
89 72
89 74
89 76
89 78
89 80
89 82
89 84
89 86
89 88
89 90
89 92
89 94
89 96
89 98
89 100
89 102
89 104
89 106
89 108
89 110
89 112
89 114
89 116
89 118
89 120
89 122
89 124
89 126
89 128
89 130
89 132
89 134
89 136
89 138
89 140
89 142
89 144
89 146
89 148
89 150
89 152
89 154
89 156
89 158
89 160
89 162
89 164
89 166
89 168
89 170
89 172
89 174
89 176
89 178
89 180
89 182
89 184
89 186
89 188
89 190
89 192
89 194
89 196
89 198
89 200
91 2
91 4
91 6
91 8
91 10
91 12
91 14
91 16
91 18
91 20
91 22
91 24
91 26
91 28
91 30
91 32
91 34
91 36
91 38
91 40
91 42
91 44
91 46
91 48
91 50
91 52
91 54
91 56
91 58
91 60
91 62
91 64
91 66
91 68
91 70
91 72
91 74
91 76
91 78
91 80
91 82
91 84
91 86
91 88
91 90
91 92
91 94
91 96
91 98
91 100
91 102
91 104
91 106
91 108
91 110
91 112
91 114
91 116
91 118
91 120
91 122
91 124
91 126
91 128
91 130
91 132
91 134
91 136
91 138
91 140
91 142
91 144
91 146
91 148
91 150
91 152
91 154
91 156
91 158
91 160
91 162
91 164
91 166
91 168
91 170
91 172
91 174
91 176
91 178
91 180
91 182
91 184
91 186
91 188
91 190
91 192
91 194
91 196
91 198
91 200
93 2
93 4
93 6
93 8
93 10
93 12
93 14
93 16
93 18
93 20
93 22
93 24
93 26
93 28
93 30
93 32
93 34
93 36
93 38
93 40
93 42
93 44
93 46
93 48
93 50
93 52
93 54
93 56
93 58
93 60
93 62
93 64
93 66
93 68
93 70
93 72
93 74
93 76
93 78
93 80
93 82
93 84
93 86
93 88
93 90
93 92
93 94
93 96
93 98
93 100
93 102
93 104
93 106
93 108
93 110
93 112
93 114
93 116
93 118
93 120
93 122
93 124
93 126
93 128
93 130
93 132
93 134
93 136
93 138
93 140
93 142
93 144
93 146
93 148
93 150
93 152
93 154
93 156
93 158
93 160
93 162
93 164
93 166
93 168
93 170
93 172
93 174
93 176
93 178
93 180
93 182
93 184
93 186
93 188
93 190
93 192
93 194
93 196
93 198
93 200
95 2
95 4
95 6
95 8
95 10
95 12
95 14
95 16
95 18
95 20
95 22
95 24
95 26
95 28
95 30
95 32
95 34
95 36
95 38
95 40
95 42
95 44
95 46
95 48
95 50
95 52
95 54
95 56
95 58
95 60
95 62
95 64
95 66
95 68
95 70
95 72
95 74
95 76
95 78
95 80
95 82
95 84
95 86
95 88
95 90
95 92
95 94
95 96
95 98
95 100
95 102
95 104
95 106
95 108
95 110
95 112
95 114
95 116
95 118
95 120
95 122
95 124
95 126
95 128
95 130
95 132
95 134
95 136
95 138
95 140
95 142
95 144
95 146
95 148
95 150
95 152
95 154
95 156
95 158
95 160
95 162
95 164
95 166
95 168
95 170
95 172
95 174
95 176
95 178
95 180
95 182
95 184
95 186
95 188
95 190
95 192
95 194
95 196
95 198
95 200
97 2
97 4
97 6
97 8
97 10
97 12
97 14
97 16
97 18
97 20
97 22
97 24
97 26
97 28
97 30
97 32
97 34
97 36
97 38
97 40
97 42
97 44
97 46
97 48
97 50
97 52
97 54
97 56
97 58
97 60
97 62
97 64
97 66
97 68
97 70
97 72
97 74
97 76
97 78
97 80
97 82
97 84
97 86
97 88
97 90
97 92
97 94
97 96
97 98
97 100
97 102
97 104
97 106
97 108
97 110
97 112
97 114
97 116
97 118
97 120
97 122
97 124
97 126
97 128
97 130
97 132
97 134
97 136
97 138
97 140
97 142
97 144
97 146
97 148
97 150
97 152
97 154
97 156
97 158
97 160
97 162
97 164
97 166
97 168
97 170
97 172
97 174
97 176
97 178
97 180
97 182
97 184
97 186
97 188
97 190
97 192
97 194
97 196
97 198
97 200
99 2
99 4
99 6
99 8
99 10
99 12
99 14
99 16
99 18
99 20
99 22
99 24
99 26
99 28
99 30
99 32
99 34
99 36
99 38
99 40
99 42
99 44
99 46
99 48
99 50
99 52
99 54
99 56
99 58
99 60
99 62
99 64
99 66
99 68
99 70
99 72
99 74
99 76
99 78
99 80
99 82
99 84
99 86
99 88
99 90
99 92
99 94
99 96
99 98
99 100
99 102
99 104
99 106
99 108
99 110
99 112
99 114
99 116
99 118
99 120
99 122
99 124
99 126
99 128
99 130
99 132
99 134
99 136
99 138
99 140
99 142
99 144
99 146
99 148
99 150
99 152
99 154
99 156
99 158
99 160
99 162
99 164
99 166
99 168
99 170
99 172
99 174
99 176
99 178
99 180
99 182
99 184
99 186
99 188
99 190
99 192
99 194
99 196
99 198
99 200
101 2
101 4
101 6
101 8
101 10
101 12
101 14
101 16
101 18
101 20
101 22
101 24
101 26
101 28
101 30
101 32
101 34
101 36
101 38
101 40
101 42
101 44
101 46
101 48
101 50
101 52
101 54
101 56
101 58
101 60
101 62
101 64
101 66
101 68
101 70
101 72
101 74
101 76
101 78
101 80
101 82
101 84
101 86
101 88
101 90
101 92
101 94
101 96
101 98
101 100
101 102
101 104
101 106
101 108
101 110
101 112
101 114
101 116
101 118
101 120
101 122
101 124
101 126
101 128
101 130
101 132
101 134
101 136
101 138
101 140
101 142
101 144
101 146
101 148
101 150
101 152
101 154
101 156
101 158
101 160
101 162
101 164
101 166
101 168
101 170
101 172
101 174
101 176
101 178
101 180
101 182
101 184
101 186
101 188
101 190
101 192
101 194
101 196
101 198
101 200
103 2
103 4
103 6
103 8
103 10
103 12
103 14
103 16
103 18
103 20
103 22
103 24
103 26
103 28
103 30
103 32
103 34
103 36
103 38
103 40
103 42
103 44
103 46
103 48
103 50
103 52
103 54
103 56
103 58
103 60
103 62
103 64
103 66
103 68
103 70
103 72
103 74
103 76
103 78
103 80
103 82
103 84
103 86
103 88
103 90
103 92
103 94
103 96
103 98
103 100
103 102
103 104
103 106
103 108
103 110
103 112
103 114
103 116
103 118
103 120
103 122
103 124
103 126
103 128
103 130
103 132
103 134
103 136
103 138
103 140
103 142
103 144
103 146
103 148
103 150
103 152
103 154
103 156
103 158
103 160
103 162
103 164
103 166
103 168
103 170
103 172
103 174
103 176
103 178
103 180
103 182
103 184
103 186
103 188
103 190
103 192
103 194
103 196
103 198
103 200
105 2
105 4
105 6
105 8
105 10
105 12
105 14
105 16
105 18
105 20
105 22
105 24
105 26
105 28
105 30
105 32
105 34
105 36
105 38
105 40
105 42
105 44
105 46
105 48
105 50
105 52
105 54
105 56
105 58
105 60
105 62
105 64
105 66
105 68
105 70
105 72
105 74
105 76
105 78
105 80
105 82
105 84
105 86
105 88
105 90
105 92
105 94
105 96
105 98
105 100
105 102
105 104
105 106
105 108
105 110
105 112
105 114
105 116
105 118
105 120
105 122
105 124
105 126
105 128
105 130
105 132
105 134
105 136
105 138
105 140
105 142
105 144
105 146
105 148
105 150
105 152
105 154
105 156
105 158
105 160
105 162
105 164
105 166
105 168
105 170
105 172
105 174
105 176
105 178
105 180
105 182
105 184
105 186
105 188
105 190
105 192
105 194
105 196
105 198
105 200
107 2
107 4
107 6
107 8
107 10
107 12
107 14
107 16
107 18
107 20
107 22
107 24
107 26
107 28
107 30
107 32
107 34
107 36
107 38
107 40
107 42
107 44
107 46
107 48
107 50
107 52
107 54
107 56
107 58
107 60
107 62
107 64
107 66
107 68
107 70
107 72
107 74
107 76
107 78
107 80
107 82
107 84
107 86
107 88
107 90
107 92
107 94
107 96
107 98
107 100
107 102
107 104
107 106
107 108
107 110
107 112
107 114
107 116
107 118
107 120
107 122
107 124
107 126
107 128
107 130
107 132
107 134
107 136
107 138
107 140
107 142
107 144
107 146
107 148
107 150
107 152
107 154
107 156
107 158
107 160
107 162
107 164
107 166
107 168
107 170
107 172
107 174
107 176
107 178
107 180
107 182
107 184
107 186
107 188
107 190
107 192
107 194
107 196
107 198
107 200
109 2
109 4
109 6
109 8
109 10
109 12
109 14
109 16
109 18
109 20
109 22
109 24
109 26
109 28
109 30
109 32
109 34
109 36
109 38
109 40
109 42
109 44
109 46
109 48
109 50
109 52
109 54
109 56
109 58
109 60
109 62
109 64
109 66
109 68
109 70
109 72
109 74
109 76
109 78
109 80
109 82
109 84
109 86
109 88
109 90
109 92
109 94
109 96
109 98
109 100
109 102
109 104
109 106
109 108
109 110
109 112
109 114
109 116
109 118
109 120
109 122
109 124
109 126
109 128
109 130
109 132
109 134
109 136
109 138
109 140
109 142
109 144
109 146
109 148
109 150
109 152
109 154
109 156
109 158
109 160
109 162
109 164
109 166
109 168
109 170
109 172
109 174
109 176
109 178
109 180
109 182
109 184
109 186
109 188
109 190
109 192
109 194
109 196
109 198
109 200
111 2
111 4
111 6
111 8
111 10
111 12
111 14
111 16
111 18
111 20
111 22
111 24
111 26
111 28
111 30
111 32
111 34
111 36
111 38
111 40
111 42
111 44
111 46
111 48
111 50
111 52
111 54
111 56
111 58
111 60
111 62
111 64
111 66
111 68
111 70
111 72
111 74
111 76
111 78
111 80
111 82
111 84
111 86
111 88
111 90
111 92
111 94
111 96
111 98
111 100
111 102
111 104
111 106
111 108
111 110
111 112
111 114
111 116
111 118
111 120
111 122
111 124
111 126
111 128
111 130
111 132
111 134
111 136
111 138
111 140
111 142
111 144
111 146
111 148
111 150
111 152
111 154
111 156
111 158
111 160
111 162
111 164
111 166
111 168
111 170
111 172
111 174
111 176
111 178
111 180
111 182
111 184
111 186
111 188
111 190
111 192
111 194
111 196
111 198
111 200
113 2
113 4
113 6
113 8
113 10
113 12
113 14
113 16
113 18
113 20
113 22
113 24
113 26
113 28
113 30
113 32
113 34
113 36
113 38
113 40
113 42
113 44
113 46
113 48
113 50
113 52
113 54
113 56
113 58
113 60
113 62
113 64
113 66
113 68
113 70
113 72
113 74
113 76
113 78
113 80
113 82
113 84
113 86
113 88
113 90
113 92
113 94
113 96
113 98
113 100
113 102
113 104
113 106
113 108
113 110
113 112
113 114
113 116
113 118
113 120
113 122
113 124
113 126
113 128
113 130
113 132
113 134
113 136
113 138
113 140
113 142
113 144
113 146
113 148
113 150
113 152
113 154
113 156
113 158
113 160
113 162
113 164
113 166
113 168
113 170
113 172
113 174
113 176
113 178
113 180
113 182
113 184
113 186
113 188
113 190
113 192
113 194
113 196
113 198
113 200
115 2
115 4
115 6
115 8
115 10
115 12
115 14
115 16
115 18
115 20
115 22
115 24
115 26
115 28
115 30
115 32
115 34
115 36
115 38
115 40
115 42
115 44
115 46
115 48
115 50
115 52
115 54
115 56
115 58
115 60
115 62
115 64
115 66
115 68
115 70
115 72
115 74
115 76
115 78
115 80
115 82
115 84
115 86
115 88
115 90
115 92
115 94
115 96
115 98
115 100
115 102
115 104
115 106
115 108
115 110
115 112
115 114
115 116
115 118
115 120
115 122
115 124
115 126
115 128
115 130
115 132
115 134
115 136
115 138
115 140
115 142
115 144
115 146
115 148
115 150
115 152
115 154
115 156
115 158
115 160
115 162
115 164
115 166
115 168
115 170
115 172
115 174
115 176
115 178
115 180
115 182
115 184
115 186
115 188
115 190
115 192
115 194
115 196
115 198
115 200
117 2
117 4
117 6
117 8
117 10
117 12
117 14
117 16
117 18
117 20
117 22
117 24
117 26
117 28
117 30
117 32
117 34
117 36
117 38
117 40
117 42
117 44
117 46
117 48
117 50
117 52
117 54
117 56
117 58
117 60
117 62
117 64
117 66
117 68
117 70
117 72
117 74
117 76
117 78
117 80
117 82
117 84
117 86
117 88
117 90
117 92
117 94
117 96
117 98
117 100
117 102
117 104
117 106
117 108
117 110
117 112
117 114
117 116
117 118
117 120
117 122
117 124
117 126
117 128
117 130
117 132
117 134
117 136
117 138
117 140
117 142
117 144
117 146
117 148
117 150
117 152
117 154
117 156
117 158
117 160
117 162
117 164
117 166
117 168
117 170
117 172
117 174
117 176
117 178
117 180
117 182
117 184
117 186
117 188
117 190
117 192
117 194
117 196
117 198
117 200
119 2
119 4
119 6
119 8
119 10
119 12
119 14
119 16
119 18
119 20
119 22
119 24
119 26
119 28
119 30
119 32
119 34
119 36
119 38
119 40
119 42
119 44
119 46
119 48
119 50
119 52
119 54
119 56
119 58
119 60
119 62
119 64
119 66
119 68
119 70
119 72
119 74
119 76
119 78
119 80
119 82
119 84
119 86
119 88
119 90
119 92
119 94
119 96
119 98
119 100
119 102
119 104
119 106
119 108
119 110
119 112
119 114
119 116
119 118
119 120
119 122
119 124
119 126
119 128
119 130
119 132
119 134
119 136
119 138
119 140
119 142
119 144
119 146
119 148
119 150
119 152
119 154
119 156
119 158
119 160
119 162
119 164
119 166
119 168
119 170
119 172
119 174
119 176
119 178
119 180
119 182
119 184
119 186
119 188
119 190
119 192
119 194
119 196
119 198
119 200
121 2
121 4
121 6
121 8
121 10
121 12
121 14
121 16
121 18
121 20
121 22
121 24
121 26
121 28
121 30
121 32
121 34
121 36
121 38
121 40
121 42
121 44
121 46
121 48
121 50
121 52
121 54
121 56
121 58
121 60
121 62
121 64
121 66
121 68
121 70
121 72
121 74
121 76
121 78
121 80
121 82
121 84
121 86
121 88
121 90
121 92
121 94
121 96
121 98
121 100
121 102
121 104
121 106
121 108
121 110
121 112
121 114
121 116
121 118
121 120
121 122
121 124
121 126
121 128
121 130
121 132
121 134
121 136
121 138
121 140
121 142
121 144
121 146
121 148
121 150
121 152
121 154
121 156
121 158
121 160
121 162
121 164
121 166
121 168
121 170
121 172
121 174
121 176
121 178
121 180
121 182
121 184
121 186
121 188
121 190
121 192
121 194
121 196
121 198
121 200
123 2
123 4
123 6
123 8
123 10
123 12
123 14
123 16
123 18
123 20
123 22
123 24
123 26
123 28
123 30
123 32
123 34
123 36
123 38
123 40
123 42
123 44
123 46
123 48
123 50
123 52
123 54
123 56
123 58
123 60
123 62
123 64
123 66
123 68
123 70
123 72
123 74
123 76
123 78
123 80
123 82
123 84
123 86
123 88
123 90
123 92
123 94
123 96
123 98
123 100
123 102
123 104
123 106
123 108
123 110
123 112
123 114
123 116
123 118
123 120
123 122
123 124
123 126
123 128
123 130
123 132
123 134
123 136
123 138
123 140
123 142
123 144
123 146
123 148
123 150
123 152
123 154
123 156
123 158
123 160
123 162
123 164
123 166
123 168
123 170
123 172
123 174
123 176
123 178
123 180
123 182
123 184
123 186
123 188
123 190
123 192
123 194
123 196
123 198
123 200
125 2
125 4
125 6
125 8
125 10
125 12
125 14
125 16
125 18
125 20
125 22
125 24
125 26
125 28
125 30
125 32
125 34
125 36
125 38
125 40
125 42
125 44
125 46
125 48
125 50
125 52
125 54
125 56
125 58
125 60
125 62
125 64
125 66
125 68
125 70
125 72
125 74
125 76
125 78
125 80
125 82
125 84
125 86
125 88
125 90
125 92
125 94
125 96
125 98
125 100
125 102
125 104
125 106
125 108
125 110
125 112
125 114
125 116
125 118
125 120
125 122
125 124
125 126
125 128
125 130
125 132
125 134
125 136
125 138
125 140
125 142
125 144
125 146
125 148
125 150
125 152
125 154
125 156
125 158
125 160
125 162
125 164
125 166
125 168
125 170
125 172
125 174
125 176
125 178
125 180
125 182
125 184
125 186
125 188
125 190
125 192
125 194
125 196
125 198
125 200
127 2
127 4
127 6
127 8
127 10
127 12
127 14
127 16
127 18
127 20
127 22
127 24
127 26
127 28
127 30
127 32
127 34
127 36
127 38
127 40
127 42
127 44
127 46
127 48
127 50
127 52
127 54
127 56
127 58
127 60
127 62
127 64
127 66
127 68
127 70
127 72
127 74
127 76
127 78
127 80
127 82
127 84
127 86
127 88
127 90
127 92
127 94
127 96
127 98
127 100
127 102
127 104
127 106
127 108
127 110
127 112
127 114
127 116
127 118
127 120
127 122
127 124
127 126
127 128
127 130
127 132
127 134
127 136
127 138
127 140
127 142
127 144
127 146
127 148
127 150
127 152
127 154
127 156
127 158
127 160
127 162
127 164
127 166
127 168
127 170
127 172
127 174
127 176
127 178
127 180
127 182
127 184
127 186
127 188
127 190
127 192
127 194
127 196
127 198
127 200
129 2
129 4
129 6
129 8
129 10
129 12
129 14
129 16
129 18
129 20
129 22
129 24
129 26
129 28
129 30
129 32
129 34
129 36
129 38
129 40
129 42
129 44
129 46
129 48
129 50
129 52
129 54
129 56
129 58
129 60
129 62
129 64
129 66
129 68
129 70
129 72
129 74
129 76
129 78
129 80
129 82
129 84
129 86
129 88
129 90
129 92
129 94
129 96
129 98
129 100
129 102
129 104
129 106
129 108
129 110
129 112
129 114
129 116
129 118
129 120
129 122
129 124
129 126
129 128
129 130
129 132
129 134
129 136
129 138
129 140
129 142
129 144
129 146
129 148
129 150
129 152
129 154
129 156
129 158
129 160
129 162
129 164
129 166
129 168
129 170
129 172
129 174
129 176
129 178
129 180
129 182
129 184
129 186
129 188
129 190
129 192
129 194
129 196
129 198
129 200
131 2
131 4
131 6
131 8
131 10
131 12
131 14
131 16
131 18
131 20
131 22
131 24
131 26
131 28
131 30
131 32
131 34
131 36
131 38
131 40
131 42
131 44
131 46
131 48
131 50
131 52
131 54
131 56
131 58
131 60
131 62
131 64
131 66
131 68
131 70
131 72
131 74
131 76
131 78
131 80
131 82
131 84
131 86
131 88
131 90
131 92
131 94
131 96
131 98
131 100
131 102
131 104
131 106
131 108
131 110
131 112
131 114
131 116
131 118
131 120
131 122
131 124
131 126
131 128
131 130
131 132
131 134
131 136
131 138
131 140
131 142
131 144
131 146
131 148
131 150
131 152
131 154
131 156
131 158
131 160
131 162
131 164
131 166
131 168
131 170
131 172
131 174
131 176
131 178
131 180
131 182
131 184
131 186
131 188
131 190
131 192
131 194
131 196
131 198
131 200
133 2
133 4
133 6
133 8
133 10
133 12
133 14
133 16
133 18
133 20
133 22
133 24
133 26
133 28
133 30
133 32
133 34
133 36
133 38
133 40
133 42
133 44
133 46
133 48
133 50
133 52
133 54
133 56
133 58
133 60
133 62
133 64
133 66
133 68
133 70
133 72
133 74
133 76
133 78
133 80
133 82
133 84
133 86
133 88
133 90
133 92
133 94
133 96
133 98
133 100
133 102
133 104
133 106
133 108
133 110
133 112
133 114
133 116
133 118
133 120
133 122
133 124
133 126
133 128
133 130
133 132
133 134
133 136
133 138
133 140
133 142
133 144
133 146
133 148
133 150
133 152
133 154
133 156
133 158
133 160
133 162
133 164
133 166
133 168
133 170
133 172
133 174
133 176
133 178
133 180
133 182
133 184
133 186
133 188
133 190
133 192
133 194
133 196
133 198
133 200
135 2
135 4
135 6
135 8
135 10
135 12
135 14
135 16
135 18
135 20
135 22
135 24
135 26
135 28
135 30
135 32
135 34
135 36
135 38
135 40
135 42
135 44
135 46
135 48
135 50
135 52
135 54
135 56
135 58
135 60
135 62
135 64
135 66
135 68
135 70
135 72
135 74
135 76
135 78
135 80
135 82
135 84
135 86
135 88
135 90
135 92
135 94
135 96
135 98
135 100
135 102
135 104
135 106
135 108
135 110
135 112
135 114
135 116
135 118
135 120
135 122
135 124
135 126
135 128
135 130
135 132
135 134
135 136
135 138
135 140
135 142
135 144
135 146
135 148
135 150
135 152
135 154
135 156
135 158
135 160
135 162
135 164
135 166
135 168
135 170
135 172
135 174
135 176
135 178
135 180
135 182
135 184
135 186
135 188
135 190
135 192
135 194
135 196
135 198
135 200
137 2
137 4
137 6
137 8
137 10
137 12
137 14
137 16
137 18
137 20
137 22
137 24
137 26
137 28
137 30
137 32
137 34
137 36
137 38
137 40
137 42
137 44
137 46
137 48
137 50
137 52
137 54
137 56
137 58
137 60
137 62
137 64
137 66
137 68
137 70
137 72
137 74
137 76
137 78
137 80
137 82
137 84
137 86
137 88
137 90
137 92
137 94
137 96
137 98
137 100
137 102
137 104
137 106
137 108
137 110
137 112
137 114
137 116
137 118
137 120
137 122
137 124
137 126
137 128
137 130
137 132
137 134
137 136
137 138
137 140
137 142
137 144
137 146
137 148
137 150
137 152
137 154
137 156
137 158
137 160
137 162
137 164
137 166
137 168
137 170
137 172
137 174
137 176
137 178
137 180
137 182
137 184
137 186
137 188
137 190
137 192
137 194
137 196
137 198
137 200
139 2
139 4
139 6
139 8
139 10
139 12
139 14
139 16
139 18
139 20
139 22
139 24
139 26
139 28
139 30
139 32
139 34
139 36
139 38
139 40
139 42
139 44
139 46
139 48
139 50
139 52
139 54
139 56
139 58
139 60
139 62
139 64
139 66
139 68
139 70
139 72
139 74
139 76
139 78
139 80
139 82
139 84
139 86
139 88
139 90
139 92
139 94
139 96
139 98
139 100
139 102
139 104
139 106
139 108
139 110
139 112
139 114
139 116
139 118
139 120
139 122
139 124
139 126
139 128
139 130
139 132
139 134
139 136
139 138
139 140
139 142
139 144
139 146
139 148
139 150
139 152
139 154
139 156
139 158
139 160
139 162
139 164
139 166
139 168
139 170
139 172
139 174
139 176
139 178
139 180
139 182
139 184
139 186
139 188
139 190
139 192
139 194
139 196
139 198
139 200
141 2
141 4
141 6
141 8
141 10
141 12
141 14
141 16
141 18
141 20
141 22
141 24
141 26
141 28
141 30
141 32
141 34
141 36
141 38
141 40
141 42
141 44
141 46
141 48
141 50
141 52
141 54
141 56
141 58
141 60
141 62
141 64
141 66
141 68
141 70
141 72
141 74
141 76
141 78
141 80
141 82
141 84
141 86
141 88
141 90
141 92
141 94
141 96
141 98
141 100
141 102
141 104
141 106
141 108
141 110
141 112
141 114
141 116
141 118
141 120
141 122
141 124
141 126
141 128
141 130
141 132
141 134
141 136
141 138
141 140
141 142
141 144
141 146
141 148
141 150
141 152
141 154
141 156
141 158
141 160
141 162
141 164
141 166
141 168
141 170
141 172
141 174
141 176
141 178
141 180
141 182
141 184
141 186
141 188
141 190
141 192
141 194
141 196
141 198
141 200
143 2
143 4
143 6
143 8
143 10
143 12
143 14
143 16
143 18
143 20
143 22
143 24
143 26
143 28
143 30
143 32
143 34
143 36
143 38
143 40
143 42
143 44
143 46
143 48
143 50
143 52
143 54
143 56
143 58
143 60
143 62
143 64
143 66
143 68
143 70
143 72
143 74
143 76
143 78
143 80
143 82
143 84
143 86
143 88
143 90
143 92
143 94
143 96
143 98
143 100
143 102
143 104
143 106
143 108
143 110
143 112
143 114
143 116
143 118
143 120
143 122
143 124
143 126
143 128
143 130
143 132
143 134
143 136
143 138
143 140
143 142
143 144
143 146
143 148
143 150
143 152
143 154
143 156
143 158
143 160
143 162
143 164
143 166
143 168
143 170
143 172
143 174
143 176
143 178
143 180
143 182
143 184
143 186
143 188
143 190
143 192
143 194
143 196
143 198
143 200
145 2
145 4
145 6
145 8
145 10
145 12
145 14
145 16
145 18
145 20
145 22
145 24
145 26
145 28
145 30
145 32
145 34
145 36
145 38
145 40
145 42
145 44
145 46
145 48
145 50
145 52
145 54
145 56
145 58
145 60
145 62
145 64
145 66
145 68
145 70
145 72
145 74
145 76
145 78
145 80
145 82
145 84
145 86
145 88
145 90
145 92
145 94
145 96
145 98
145 100
145 102
145 104
145 106
145 108
145 110
145 112
145 114
145 116
145 118
145 120
145 122
145 124
145 126
145 128
145 130
145 132
145 134
145 136
145 138
145 140
145 142
145 144
145 146
145 148
145 150
145 152
145 154
145 156
145 158
145 160
145 162
145 164
145 166
145 168
145 170
145 172
145 174
145 176
145 178
145 180
145 182
145 184
145 186
145 188
145 190
145 192
145 194
145 196
145 198
145 200
147 2
147 4
147 6
147 8
147 10
147 12
147 14
147 16
147 18
147 20
147 22
147 24
147 26
147 28
147 30
147 32
147 34
147 36
147 38
147 40
147 42
147 44
147 46
147 48
147 50
147 52
147 54
147 56
147 58
147 60
147 62
147 64
147 66
147 68
147 70
147 72
147 74
147 76
147 78
147 80
147 82
147 84
147 86
147 88
147 90
147 92
147 94
147 96
147 98
147 100
147 102
147 104
147 106
147 108
147 110
147 112
147 114
147 116
147 118
147 120
147 122
147 124
147 126
147 128
147 130
147 132
147 134
147 136
147 138
147 140
147 142
147 144
147 146
147 148
147 150
147 152
147 154
147 156
147 158
147 160
147 162
147 164
147 166
147 168
147 170
147 172
147 174
147 176
147 178
147 180
147 182
147 184
147 186
147 188
147 190
147 192
147 194
147 196
147 198
147 200
149 2
149 4
149 6
149 8
149 10
149 12
149 14
149 16
149 18
149 20
149 22
149 24
149 26
149 28
149 30
149 32
149 34
149 36
149 38
149 40
149 42
149 44
149 46
149 48
149 50
149 52
149 54
149 56
149 58
149 60
149 62
149 64
149 66
149 68
149 70
149 72
149 74
149 76
149 78
149 80
149 82
149 84
149 86
149 88
149 90
149 92
149 94
149 96
149 98
149 100
149 102
149 104
149 106
149 108
149 110
149 112
149 114
149 116
149 118
149 120
149 122
149 124
149 126
149 128
149 130
149 132
149 134
149 136
149 138
149 140
149 142
149 144
149 146
149 148
149 150
149 152
149 154
149 156
149 158
149 160
149 162
149 164
149 166
149 168
149 170
149 172
149 174
149 176
149 178
149 180
149 182
149 184
149 186
149 188
149 190
149 192
149 194
149 196
149 198
149 200
151 2
151 4
151 6
151 8
151 10
151 12
151 14
151 16
151 18
151 20
151 22
151 24
151 26
151 28
151 30
151 32
151 34
151 36
151 38
151 40
151 42
151 44
151 46
151 48
151 50
151 52
151 54
151 56
151 58
151 60
151 62
151 64
151 66
151 68
151 70
151 72
151 74
151 76
151 78
151 80
151 82
151 84
151 86
151 88
151 90
151 92
151 94
151 96
151 98
151 100
151 102
151 104
151 106
151 108
151 110
151 112
151 114
151 116
151 118
151 120
151 122
151 124
151 126
151 128
151 130
151 132
151 134
151 136
151 138
151 140
151 142
151 144
151 146
151 148
151 150
151 152
151 154
151 156
151 158
151 160
151 162
151 164
151 166
151 168
151 170
151 172
151 174
151 176
151 178
151 180
151 182
151 184
151 186
151 188
151 190
151 192
151 194
151 196
151 198
151 200
153 2
153 4
153 6
153 8
153 10
153 12
153 14
153 16
153 18
153 20
153 22
153 24
153 26
153 28
153 30
153 32
153 34
153 36
153 38
153 40
153 42
153 44
153 46
153 48
153 50
153 52
153 54
153 56
153 58
153 60
153 62
153 64
153 66
153 68
153 70
153 72
153 74
153 76
153 78
153 80
153 82
153 84
153 86
153 88
153 90
153 92
153 94
153 96
153 98
153 100
153 102
153 104
153 106
153 108
153 110
153 112
153 114
153 116
153 118
153 120
153 122
153 124
153 126
153 128
153 130
153 132
153 134
153 136
153 138
153 140
153 142
153 144
153 146
153 148
153 150
153 152
153 154
153 156
153 158
153 160
153 162
153 164
153 166
153 168
153 170
153 172
153 174
153 176
153 178
153 180
153 182
153 184
153 186
153 188
153 190
153 192
153 194
153 196
153 198
153 200
155 2
155 4
155 6
155 8
155 10
155 12
155 14
155 16
155 18
155 20
155 22
155 24
155 26
155 28
155 30
155 32
155 34
155 36
155 38
155 40
155 42
155 44
155 46
155 48
155 50
155 52
155 54
155 56
155 58
155 60
155 62
155 64
155 66
155 68
155 70
155 72
155 74
155 76
155 78
155 80
155 82
155 84
155 86
155 88
155 90
155 92
155 94
155 96
155 98
155 100
155 102
155 104
155 106
155 108
155 110
155 112
155 114
155 116
155 118
155 120
155 122
155 124
155 126
155 128
155 130
155 132
155 134
155 136
155 138
155 140
155 142
155 144
155 146
155 148
155 150
155 152
155 154
155 156
155 158
155 160
155 162
155 164
155 166
155 168
155 170
155 172
155 174
155 176
155 178
155 180
155 182
155 184
155 186
155 188
155 190
155 192
155 194
155 196
155 198
155 200
157 2
157 4
157 6
157 8
157 10
157 12
157 14
157 16
157 18
157 20
157 22
157 24
157 26
157 28
157 30
157 32
157 34
157 36
157 38
157 40
157 42
157 44
157 46
157 48
157 50
157 52
157 54
157 56
157 58
157 60
157 62
157 64
157 66
157 68
157 70
157 72
157 74
157 76
157 78
157 80
157 82
157 84
157 86
157 88
157 90
157 92
157 94
157 96
157 98
157 100
157 102
157 104
157 106
157 108
157 110
157 112
157 114
157 116
157 118
157 120
157 122
157 124
157 126
157 128
157 130
157 132
157 134
157 136
157 138
157 140
157 142
157 144
157 146
157 148
157 150
157 152
157 154
157 156
157 158
157 160
157 162
157 164
157 166
157 168
157 170
157 172
157 174
157 176
157 178
157 180
157 182
157 184
157 186
157 188
157 190
157 192
157 194
157 196
157 198
157 200
159 2
159 4
159 6
159 8
159 10
159 12
159 14
159 16
159 18
159 20
159 22
159 24
159 26
159 28
159 30
159 32
159 34
159 36
159 38
159 40
159 42
159 44
159 46
159 48
159 50
159 52
159 54
159 56
159 58
159 60
159 62
159 64
159 66
159 68
159 70
159 72
159 74
159 76
159 78
159 80
159 82
159 84
159 86
159 88
159 90
159 92
159 94
159 96
159 98
159 100
159 102
159 104
159 106
159 108
159 110
159 112
159 114
159 116
159 118
159 120
159 122
159 124
159 126
159 128
159 130
159 132
159 134
159 136
159 138
159 140
159 142
159 144
159 146
159 148
159 150
159 152
159 154
159 156
159 158
159 160
159 162
159 164
159 166
159 168
159 170
159 172
159 174
159 176
159 178
159 180
159 182
159 184
159 186
159 188
159 190
159 192
159 194
159 196
159 198
159 200
161 2
161 4
161 6
161 8
161 10
161 12
161 14
161 16
161 18
161 20
161 22
161 24
161 26
161 28
161 30
161 32
161 34
161 36
161 38
161 40
161 42
161 44
161 46
161 48
161 50
161 52
161 54
161 56
161 58
161 60
161 62
161 64
161 66
161 68
161 70
161 72
161 74
161 76
161 78
161 80
161 82
161 84
161 86
161 88
161 90
161 92
161 94
161 96
161 98
161 100
161 102
161 104
161 106
161 108
161 110
161 112
161 114
161 116
161 118
161 120
161 122
161 124
161 126
161 128
161 130
161 132
161 134
161 136
161 138
161 140
161 142
161 144
161 146
161 148
161 150
161 152
161 154
161 156
161 158
161 160
161 162
161 164
161 166
161 168
161 170
161 172
161 174
161 176
161 178
161 180
161 182
161 184
161 186
161 188
161 190
161 192
161 194
161 196
161 198
161 200
163 2
163 4
163 6
163 8
163 10
163 12
163 14
163 16
163 18
163 20
163 22
163 24
163 26
163 28
163 30
163 32
163 34
163 36
163 38
163 40
163 42
163 44
163 46
163 48
163 50
163 52
163 54
163 56
163 58
163 60
163 62
163 64
163 66
163 68
163 70
163 72
163 74
163 76
163 78
163 80
163 82
163 84
163 86
163 88
163 90
163 92
163 94
163 96
163 98
163 100
163 102
163 104
163 106
163 108
163 110
163 112
163 114
163 116
163 118
163 120
163 122
163 124
163 126
163 128
163 130
163 132
163 134
163 136
163 138
163 140
163 142
163 144
163 146
163 148
163 150
163 152
163 154
163 156
163 158
163 160
163 162
163 164
163 166
163 168
163 170
163 172
163 174
163 176
163 178
163 180
163 182
163 184
163 186
163 188
163 190
163 192
163 194
163 196
163 198
163 200
165 2
165 4
165 6
165 8
165 10
165 12
165 14
165 16
165 18
165 20
165 22
165 24
165 26
165 28
165 30
165 32
165 34
165 36
165 38
165 40
165 42
165 44
165 46
165 48
165 50
165 52
165 54
165 56
165 58
165 60
165 62
165 64
165 66
165 68
165 70
165 72
165 74
165 76
165 78
165 80
165 82
165 84
165 86
165 88
165 90
165 92
165 94
165 96
165 98
165 100
165 102
165 104
165 106
165 108
165 110
165 112
165 114
165 116
165 118
165 120
165 122
165 124
165 126
165 128
165 130
165 132
165 134
165 136
165 138
165 140
165 142
165 144
165 146
165 148
165 150
165 152
165 154
165 156
165 158
165 160
165 162
165 164
165 166
165 168
165 170
165 172
165 174
165 176
165 178
165 180
165 182
165 184
165 186
165 188
165 190
165 192
165 194
165 196
165 198
165 200
167 2
167 4
167 6
167 8
167 10
167 12
167 14
167 16
167 18
167 20
167 22
167 24
167 26
167 28
167 30
167 32
167 34
167 36
167 38
167 40
167 42
167 44
167 46
167 48
167 50
167 52
167 54
167 56
167 58
167 60
167 62
167 64
167 66
167 68
167 70
167 72
167 74
167 76
167 78
167 80
167 82
167 84
167 86
167 88
167 90
167 92
167 94
167 96
167 98
167 100
167 102
167 104
167 106
167 108
167 110
167 112
167 114
167 116
167 118
167 120
167 122
167 124
167 126
167 128
167 130
167 132
167 134
167 136
167 138
167 140
167 142
167 144
167 146
167 148
167 150
167 152
167 154
167 156
167 158
167 160
167 162
167 164
167 166
167 168
167 170
167 172
167 174
167 176
167 178
167 180
167 182
167 184
167 186
167 188
167 190
167 192
167 194
167 196
167 198
167 200
169 2
169 4
169 6
169 8
169 10
169 12
169 14
169 16
169 18
169 20
169 22
169 24
169 26
169 28
169 30
169 32
169 34
169 36
169 38
169 40
169 42
169 44
169 46
169 48
169 50
169 52
169 54
169 56
169 58
169 60
169 62
169 64
169 66
169 68
169 70
169 72
169 74
169 76
169 78
169 80
169 82
169 84
169 86
169 88
169 90
169 92
169 94
169 96
169 98
169 100
169 102
169 104
169 106
169 108
169 110
169 112
169 114
169 116
169 118
169 120
169 122
169 124
169 126
169 128
169 130
169 132
169 134
169 136
169 138
169 140
169 142
169 144
169 146
169 148
169 150
169 152
169 154
169 156
169 158
169 160
169 162
169 164
169 166
169 168
169 170
169 172
169 174
169 176
169 178
169 180
169 182
169 184
169 186
169 188
169 190
169 192
169 194
169 196
169 198
169 200
171 2
171 4
171 6
171 8
171 10
171 12
171 14
171 16
171 18
171 20
171 22
171 24
171 26
171 28
171 30
171 32
171 34
171 36
171 38
171 40
171 42
171 44
171 46
171 48
171 50
171 52
171 54
171 56
171 58
171 60
171 62
171 64
171 66
171 68
171 70
171 72
171 74
171 76
171 78
171 80
171 82
171 84
171 86
171 88
171 90
171 92
171 94
171 96
171 98
171 100
171 102
171 104
171 106
171 108
171 110
171 112
171 114
171 116
171 118
171 120
171 122
171 124
171 126
171 128
171 130
171 132
171 134
171 136
171 138
171 140
171 142
171 144
171 146
171 148
171 150
171 152
171 154
171 156
171 158
171 160
171 162
171 164
171 166
171 168
171 170
171 172
171 174
171 176
171 178
171 180
171 182
171 184
171 186
171 188
171 190
171 192
171 194
171 196
171 198
171 200
173 2
173 4
173 6
173 8
173 10
173 12
173 14
173 16
173 18
173 20
173 22
173 24
173 26
173 28
173 30
173 32
173 34
173 36
173 38
173 40
173 42
173 44
173 46
173 48
173 50
173 52
173 54
173 56
173 58
173 60
173 62
173 64
173 66
173 68
173 70
173 72
173 74
173 76
173 78
173 80
173 82
173 84
173 86
173 88
173 90
173 92
173 94
173 96
173 98
173 100
173 102
173 104
173 106
173 108
173 110
173 112
173 114
173 116
173 118
173 120
173 122
173 124
173 126
173 128
173 130
173 132
173 134
173 136
173 138
173 140
173 142
173 144
173 146
173 148
173 150
173 152
173 154
173 156
173 158
173 160
173 162
173 164
173 166
173 168
173 170
173 172
173 174
173 176
173 178
173 180
173 182
173 184
173 186
173 188
173 190
173 192
173 194
173 196
173 198
173 200
175 2
175 4
175 6
175 8
175 10
175 12
175 14
175 16
175 18
175 20
175 22
175 24
175 26
175 28
175 30
175 32
175 34
175 36
175 38
175 40
175 42
175 44
175 46
175 48
175 50
175 52
175 54
175 56
175 58
175 60
175 62
175 64
175 66
175 68
175 70
175 72
175 74
175 76
175 78
175 80
175 82
175 84
175 86
175 88
175 90
175 92
175 94
175 96
175 98
175 100
175 102
175 104
175 106
175 108
175 110
175 112
175 114
175 116
175 118
175 120
175 122
175 124
175 126
175 128
175 130
175 132
175 134
175 136
175 138
175 140
175 142
175 144
175 146
175 148
175 150
175 152
175 154
175 156
175 158
175 160
175 162
175 164
175 166
175 168
175 170
175 172
175 174
175 176
175 178
175 180
175 182
175 184
175 186
175 188
175 190
175 192
175 194
175 196
175 198
175 200
177 2
177 4
177 6
177 8
177 10
177 12
177 14
177 16
177 18
177 20
177 22
177 24
177 26
177 28
177 30
177 32
177 34
177 36
177 38
177 40
177 42
177 44
177 46
177 48
177 50
177 52
177 54
177 56
177 58
177 60
177 62
177 64
177 66
177 68
177 70
177 72
177 74
177 76
177 78
177 80
177 82
177 84
177 86
177 88
177 90
177 92
177 94
177 96
177 98
177 100
177 102
177 104
177 106
177 108
177 110
177 112
177 114
177 116
177 118
177 120
177 122
177 124
177 126
177 128
177 130
177 132
177 134
177 136
177 138
177 140
177 142
177 144
177 146
177 148
177 150
177 152
177 154
177 156
177 158
177 160
177 162
177 164
177 166
177 168
177 170
177 172
177 174
177 176
177 178
177 180
177 182
177 184
177 186
177 188
177 190
177 192
177 194
177 196
177 198
177 200
179 2
179 4
179 6
179 8
179 10
179 12
179 14
179 16
179 18
179 20
179 22
179 24
179 26
179 28
179 30
179 32
179 34
179 36
179 38
179 40
179 42
179 44
179 46
179 48
179 50
179 52
179 54
179 56
179 58
179 60
179 62
179 64
179 66
179 68
179 70
179 72
179 74
179 76
179 78
179 80
179 82
179 84
179 86
179 88
179 90
179 92
179 94
179 96
179 98
179 100
179 102
179 104
179 106
179 108
179 110
179 112
179 114
179 116
179 118
179 120
179 122
179 124
179 126
179 128
179 130
179 132
179 134
179 136
179 138
179 140
179 142
179 144
179 146
179 148
179 150
179 152
179 154
179 156
179 158
179 160
179 162
179 164
179 166
179 168
179 170
179 172
179 174
179 176
179 178
179 180
179 182
179 184
179 186
179 188
179 190
179 192
179 194
179 196
179 198
179 200
181 2
181 4
181 6
181 8
181 10
181 12
181 14
181 16
181 18
181 20
181 22
181 24
181 26
181 28
181 30
181 32
181 34
181 36
181 38
181 40
181 42
181 44
181 46
181 48
181 50
181 52
181 54
181 56
181 58
181 60
181 62
181 64
181 66
181 68
181 70
181 72
181 74
181 76
181 78
181 80
181 82
181 84
181 86
181 88
181 90
181 92
181 94
181 96
181 98
181 100
181 102
181 104
181 106
181 108
181 110
181 112
181 114
181 116
181 118
181 120
181 122
181 124
181 126
181 128
181 130
181 132
181 134
181 136
181 138
181 140
181 142
181 144
181 146
181 148
181 150
181 152
181 154
181 156
181 158
181 160
181 162
181 164
181 166
181 168
181 170
181 172
181 174
181 176
181 178
181 180
181 182
181 184
181 186
181 188
181 190
181 192
181 194
181 196
181 198
181 200
183 2
183 4
183 6
183 8
183 10
183 12
183 14
183 16
183 18
183 20
183 22
183 24
183 26
183 28
183 30
183 32
183 34
183 36
183 38
183 40
183 42
183 44
183 46
183 48
183 50
183 52
183 54
183 56
183 58
183 60
183 62
183 64
183 66
183 68
183 70
183 72
183 74
183 76
183 78
183 80
183 82
183 84
183 86
183 88
183 90
183 92
183 94
183 96
183 98
183 100
183 102
183 104
183 106
183 108
183 110
183 112
183 114
183 116
183 118
183 120
183 122
183 124
183 126
183 128
183 130
183 132
183 134
183 136
183 138
183 140
183 142
183 144
183 146
183 148
183 150
183 152
183 154
183 156
183 158
183 160
183 162
183 164
183 166
183 168
183 170
183 172
183 174
183 176
183 178
183 180
183 182
183 184
183 186
183 188
183 190
183 192
183 194
183 196
183 198
183 200
185 2
185 4
185 6
185 8
185 10
185 12
185 14
185 16
185 18
185 20
185 22
185 24
185 26
185 28
185 30
185 32
185 34
185 36
185 38
185 40
185 42
185 44
185 46
185 48
185 50
185 52
185 54
185 56
185 58
185 60
185 62
185 64
185 66
185 68
185 70
185 72
185 74
185 76
185 78
185 80
185 82
185 84
185 86
185 88
185 90
185 92
185 94
185 96
185 98
185 100
185 102
185 104
185 106
185 108
185 110
185 112
185 114
185 116
185 118
185 120
185 122
185 124
185 126
185 128
185 130
185 132
185 134
185 136
185 138
185 140
185 142
185 144
185 146
185 148
185 150
185 152
185 154
185 156
185 158
185 160
185 162
185 164
185 166
185 168
185 170
185 172
185 174
185 176
185 178
185 180
185 182
185 184
185 186
185 188
185 190
185 192
185 194
185 196
185 198
185 200
187 2
187 4
187 6
187 8
187 10
187 12
187 14
187 16
187 18
187 20
187 22
187 24
187 26
187 28
187 30
187 32
187 34
187 36
187 38
187 40
187 42
187 44
187 46
187 48
187 50
187 52
187 54
187 56
187 58
187 60
187 62
187 64
187 66
187 68
187 70
187 72
187 74
187 76
187 78
187 80
187 82
187 84
187 86
187 88
187 90
187 92
187 94
187 96
187 98
187 100
187 102
187 104
187 106
187 108
187 110
187 112
187 114
187 116
187 118
187 120
187 122
187 124
187 126
187 128
187 130
187 132
187 134
187 136
187 138
187 140
187 142
187 144
187 146
187 148
187 150
187 152
187 154
187 156
187 158
187 160
187 162
187 164
187 166
187 168
187 170
187 172
187 174
187 176
187 178
187 180
187 182
187 184
187 186
187 188
187 190
187 192
187 194
187 196
187 198
187 200
189 2
189 4
189 6
189 8
189 10
189 12
189 14
189 16
189 18
189 20
189 22
189 24
189 26
189 28
189 30
189 32
189 34
189 36
189 38
189 40
189 42
189 44
189 46
189 48
189 50
189 52
189 54
189 56
189 58
189 60
189 62
189 64
189 66
189 68
189 70
189 72
189 74
189 76
189 78
189 80
189 82
189 84
189 86
189 88
189 90
189 92
189 94
189 96
189 98
189 100
189 102
189 104
189 106
189 108
189 110
189 112
189 114
189 116
189 118
189 120
189 122
189 124
189 126
189 128
189 130
189 132
189 134
189 136
189 138
189 140
189 142
189 144
189 146
189 148
189 150
189 152
189 154
189 156
189 158
189 160
189 162
189 164
189 166
189 168
189 170
189 172
189 174
189 176
189 178
189 180
189 182
189 184
189 186
189 188
189 190
189 192
189 194
189 196
189 198
189 200
191 2
191 4
191 6
191 8
191 10
191 12
191 14
191 16
191 18
191 20
191 22
191 24
191 26
191 28
191 30
191 32
191 34
191 36
191 38
191 40
191 42
191 44
191 46
191 48
191 50
191 52
191 54
191 56
191 58
191 60
191 62
191 64
191 66
191 68
191 70
191 72
191 74
191 76
191 78
191 80
191 82
191 84
191 86
191 88
191 90
191 92
191 94
191 96
191 98
191 100
191 102
191 104
191 106
191 108
191 110
191 112
191 114
191 116
191 118
191 120
191 122
191 124
191 126
191 128
191 130
191 132
191 134
191 136
191 138
191 140
191 142
191 144
191 146
191 148
191 150
191 152
191 154
191 156
191 158
191 160
191 162
191 164
191 166
191 168
191 170
191 172
191 174
191 176
191 178
191 180
191 182
191 184
191 186
191 188
191 190
191 192
191 194
191 196
191 198
191 200
193 2
193 4
193 6
193 8
193 10
193 12
193 14
193 16
193 18
193 20
193 22
193 24
193 26
193 28
193 30
193 32
193 34
193 36
193 38
193 40
193 42
193 44
193 46
193 48
193 50
193 52
193 54
193 56
193 58
193 60
193 62
193 64
193 66
193 68
193 70
193 72
193 74
193 76
193 78
193 80
193 82
193 84
193 86
193 88
193 90
193 92
193 94
193 96
193 98
193 100
193 102
193 104
193 106
193 108
193 110
193 112
193 114
193 116
193 118
193 120
193 122
193 124
193 126
193 128
193 130
193 132
193 134
193 136
193 138
193 140
193 142
193 144
193 146
193 148
193 150
193 152
193 154
193 156
193 158
193 160
193 162
193 164
193 166
193 168
193 170
193 172
193 174
193 176
193 178
193 180
193 182
193 184
193 186
193 188
193 190
193 192
193 194
193 196
193 198
193 200
195 2
195 4
195 6
195 8
195 10
195 12
195 14
195 16
195 18
195 20
195 22
195 24
195 26
195 28
195 30
195 32
195 34
195 36
195 38
195 40
195 42
195 44
195 46
195 48
195 50
195 52
195 54
195 56
195 58
195 60
195 62
195 64
195 66
195 68
195 70
195 72
195 74
195 76
195 78
195 80
195 82
195 84
195 86
195 88
195 90
195 92
195 94
195 96
195 98
195 100
195 102
195 104
195 106
195 108
195 110
195 112
195 114
195 116
195 118
195 120
195 122
195 124
195 126
195 128
195 130
195 132
195 134
195 136
195 138
195 140
195 142
195 144
195 146
195 148
195 150
195 152
195 154
195 156
195 158
195 160
195 162
195 164
195 166
195 168
195 170
195 172
195 174
195 176
195 178
195 180
195 182
195 184
195 186
195 188
195 190
195 192
195 194
195 196
195 198
195 200
197 2
197 4
197 6
197 8
197 10
197 12
197 14
197 16
197 18
197 20
197 22
197 24
197 26
197 28
197 30
197 32
197 34
197 36
197 38
197 40
197 42
197 44
197 46
197 48
197 50
197 52
197 54
197 56
197 58
197 60
197 62
197 64
197 66
197 68
197 70
197 72
197 74
197 76
197 78
197 80
197 82
197 84
197 86
197 88
197 90
197 92
197 94
197 96
197 98
197 100
197 102
197 104
197 106
197 108
197 110
197 112
197 114
197 116
197 118
197 120
197 122
197 124
197 126
197 128
197 130
197 132
197 134
197 136
197 138
197 140
197 142
197 144
197 146
197 148
197 150
197 152
197 154
197 156
197 158
197 160
197 162
197 164
197 166
197 168
197 170
197 172
197 174
197 176
197 178
197 180
197 182
197 184
197 186
197 188
197 190
197 192
197 194
197 196
197 198
197 200
199 2
199 4
199 6
199 8
199 10
199 12
199 14
199 16
199 18
199 20
199 22
199 24
199 26
199 28
199 30
199 32
199 34
199 36
199 38
199 40
199 42
199 44
199 46
199 48
199 50
199 52
199 54
199 56
199 58
199 60
199 62
199 64
199 66
199 68
199 70
199 72
199 74
199 76
199 78
199 80
199 82
199 84
199 86
199 88
199 90
199 92
199 94
199 96
199 98
199 100
199 102
199 104
199 106
199 108
199 110
199 112
199 114
199 116
199 118
199 120
199 122
199 124
199 126
199 128
199 130
199 132
199 134
199 136
199 138
199 140
199 142
199 144
199 146
199 148
199 150
199 152
199 154
199 156
199 158
199 160
199 162
199 164
199 166
199 168
199 170
199 172
199 174
199 176
199 178
199 180
199 182
199 184
199 186
199 188
199 190
199 192
199 194
199 196
199 198
199 200